1 2 1.56263736263736
1 3 1.48687978687979
1 4 1.39597069597070
1 5 0.676190476190476
1 6 0.562637362637363
1 7 0.362637362637363
1 8 0.310689310689311
1 9 0.310689310689311
1 10 0.167832167832168
1 11 0.167832167832168
1 12 0.167832167832168
1 13 0.167832167832168
1 14 0.233766233766234
1 15 0.0769230769230769
1 16 0.167832167832168
1 17 0.090909090909091
1 18 0.090909090909091
2 1 1.56263736263736
2 3 1.17374847374847
2 4 1.17374847374847
2 5 0.453968253968254
2 6 0.562637362637363
2 7 0.473748473748474
2 8 0.219780219780220
2 9 0.330891330891331
2 10 0.188034188034188
2 11 0.0769230769230769
2 12 0.0769230769230769
2 13 0.188034188034188
2 14 0.253968253968254
2 15 0.188034188034188
2 16 0.0769230769230769
3 1 1.48687978687979
3 2 1.17374847374847
3 4 1.00708180708181
3 5 0.787301587301587
3 6 0.562637362637363
3 7 0.473748473748474
3 8 0.310689310689311
3 9 0.421800421800422
3 10 0.278943278943279
3 11 0.167832167832168
3 12 0.167832167832168
3 13 0.278943278943279
3 14 0.344877344877345
3 15 0.188034188034188
3 16 0.167832167832168
3 17 0.090909090909091
3 18 0.090909090909091
4 1 1.39597069597070
4 2 1.17374847374847
4 3 1.00708180708181
4 5 0.787301587301587
4 6 0.562637362637363
4 7 0.473748473748474
4 8 0.219780219780220
4 9 0.330891330891331
4 10 0.188034188034188
4 11 0.0769230769230769
4 12 0.0769230769230769
4 13 0.188034188034188
4 14 0.253968253968254
4 15 0.188034188034188
4 16 0.0769230769230769
5 1 0.676190476190476
5 2 0.453968253968254
5 3 0.787301587301587
5 4 0.787301587301587
5 6 0.342857142857143
5 7 0.253968253968254
5 9 0.253968253968254
5 10 0.111111111111111
5 13 0.111111111111111
5 14 0.111111111111111
5 15 0.111111111111111
6 1 0.562637362637363
6 2 0.562637362637363
6 3 0.562637362637363
6 4 0.562637362637363
6 5 0.342857142857143
6 7 0.362637362637363
6 8 0.219780219780220
6 9 0.219780219780220
6 10 0.0769230769230769
6 11 0.0769230769230769
6 12 0.0769230769230769
6 13 0.0769230769230769
6 14 0.142857142857143
6 15 0.0769230769230769
6 16 0.0769230769230769
7 1 0.362637362637363
7 2 0.473748473748474
7 3 0.473748473748474
7 4 0.473748473748474
7 5 0.253968253968254
7 6 0.362637362637363
7 8 0.219780219780220
7 9 0.330891330891331
7 10 0.188034188034188
7 11 0.0769230769230769
7 12 0.0769230769230769
7 13 0.188034188034188
7 14 0.253968253968254
7 15 0.188034188034188
7 16 0.0769230769230769
8 1 0.310689310689311
8 2 0.219780219780220
8 3 0.310689310689311
8 4 0.219780219780220
8 6 0.219780219780220
8 7 0.219780219780220
8 9 0.167832167832168
8 10 0.167832167832168
8 11 0.167832167832168
8 12 0.167832167832168
8 13 0.167832167832168
8 14 0.233766233766234
8 15 0.0769230769230769
8 16 0.167832167832168
8 17 0.090909090909091
8 18 0.090909090909091
9 1 0.310689310689311
9 2 0.330891330891331
9 3 0.421800421800422
9 4 0.330891330891331
9 5 0.253968253968254
9 6 0.219780219780220
9 7 0.330891330891331
9 8 0.167832167832168
9 10 0.278943278943279
9 11 0.167832167832168
9 12 0.167832167832168
9 13 0.278943278943279
9 14 0.202020202020202
9 15 0.188034188034188
9 16 0.167832167832168
9 17 0.090909090909091
9 18 0.090909090909091
10 1 0.167832167832168
10 2 0.188034188034188
10 3 0.278943278943279
10 4 0.188034188034188
10 5 0.111111111111111
10 6 0.0769230769230769
10 7 0.188034188034188
10 8 0.167832167832168
10 9 0.278943278943279
10 11 0.367832167832168
10 12 0.367832167832168
10 13 0.478943278943279
10 14 0.402020202020202
10 15 0.388034188034188
10 16 0.167832167832168
10 17 0.090909090909091
10 18 0.090909090909091
11 1 0.167832167832168
11 2 0.0769230769230769
11 3 0.167832167832168
11 4 0.0769230769230769
11 6 0.0769230769230769
11 7 0.0769230769230769
11 8 0.167832167832168
11 9 0.167832167832168
11 10 0.367832167832168
11 12 0.617832167832168
11 13 0.617832167832168
11 14 0.540909090909091
11 15 0.526923076923077
11 16 0.167832167832168
11 17 0.090909090909091
11 18 0.090909090909091
12 1 0.167832167832168
12 2 0.0769230769230769
12 3 0.167832167832168
12 4 0.0769230769230769
12 6 0.0769230769230769
12 7 0.0769230769230769
12 8 0.167832167832168
12 9 0.167832167832168
12 10 0.367832167832168
12 11 0.617832167832168
12 13 1.61783216783217
12 14 1.54090909090909
12 15 0.526923076923077
12 16 0.167832167832168
12 17 0.090909090909091
12 18 0.090909090909091
13 1 0.167832167832168
13 2 0.188034188034188
13 3 0.278943278943279
13 4 0.188034188034188
13 5 0.111111111111111
13 6 0.0769230769230769
13 7 0.188034188034188
13 8 0.167832167832168
13 9 0.278943278943279
13 10 0.478943278943279
13 11 0.617832167832168
13 12 1.61783216783217
13 14 1.65202020202020
13 15 0.638034188034188
13 16 0.167832167832168
13 17 0.090909090909091
13 18 0.090909090909091
14 1 0.233766233766234
14 2 0.253968253968254
14 3 0.344877344877345
14 4 0.253968253968254
14 5 0.111111111111111
14 6 0.142857142857143
14 7 0.253968253968254
14 8 0.233766233766234
14 9 0.202020202020202
14 10 0.402020202020202
14 11 0.540909090909091
14 12 1.54090909090909
14 13 1.65202020202020
14 15 0.894444444444444
14 16 0.090909090909091
14 17 0.424242424242424
14 18 0.424242424242424
15 1 0.0769230769230769
15 2 0.188034188034188
15 3 0.188034188034188
15 4 0.188034188034188
15 5 0.111111111111111
15 6 0.0769230769230769
15 7 0.188034188034188
15 8 0.0769230769230769
15 9 0.188034188034188
15 10 0.388034188034188
15 11 0.526923076923077
15 12 0.526923076923077
15 13 0.638034188034188
15 14 0.894444444444444
15 16 0.0769230769230769
15 17 0.333333333333333
15 18 0.333333333333333
16 1 0.167832167832168
16 2 0.0769230769230769
16 3 0.167832167832168
16 4 0.0769230769230769
16 6 0.0769230769230769
16 7 0.0769230769230769
16 8 0.167832167832168
16 9 0.167832167832168
16 10 0.167832167832168
16 11 0.167832167832168
16 12 0.167832167832168
16 13 0.167832167832168
16 14 0.090909090909091
16 15 0.0769230769230769
16 17 0.090909090909091
16 18 0.090909090909091
17 1 0.090909090909091
17 3 0.090909090909091
17 8 0.090909090909091
17 9 0.090909090909091
17 10 0.090909090909091
17 11 0.090909090909091
17 12 0.090909090909091
17 13 0.090909090909091
17 14 0.424242424242424
17 15 0.333333333333333
17 16 0.090909090909091
17 18 0.424242424242424
18 1 0.090909090909091
18 3 0.090909090909091
18 8 0.090909090909091
18 9 0.090909090909091
18 10 0.090909090909091
18 11 0.090909090909091
18 12 0.090909090909091
18 13 0.090909090909091
18 14 0.424242424242424
18 15 0.333333333333333
18 16 0.090909090909091
18 17 0.424242424242424
